2301757964
3150997240
1371011388
2472438374
2594307232
47431858
2060546704
565372804
3783132776
2712226368
3023325412
3763036358
4124845094
2178450690
1564102788
3796124776
1925997484
1611545416
3728007770
617618806
3998237412
708968788
1910184426
1418625360
1691410926
696450020
1813181992
605897638
292489648
1297191504
4273008062
2931762692
424452636
2417056578
2792078300
4143825036
2224761348
3390401234
3911150206
3275173744
4194698214
1103114440
2058426072
2595543616
597950462
1924716698
1782032508
2095895374
182883416
4065971702
1477877150
711804468
2476722444
92880912
3568839824
1711108220
3806070710
3076974698
129717818
3846724314
2640283800
783404338
1207848622
43101992
4001188320
2989284020
1151214128
711739994
766295556
931063726
186250950
2726555444
1065157056
1555449154
2498008060
195816940
868559790
2003301820
1400971108
3539418370
3894680714
3944635292
106119276
3445789706
1171625604
1147434092
789356094
3903462320
681825582
4139065586
942037462
2320959602
469301754
889879834
3625795838
4088303490
971719518
4017192640
1051560964
1431054638
1791770094
2319958282
1447207348
238674348
249808440
3978617682
3030984424
2570435752
305306190
1931534142
2398603388
1306227346
2599041306
2088197250
3219484884
2869562516
2185864238
1957746144
1793703258
2375561166
3547418156
1956344396
4218266784
2212552484
1124048626
283583752
3779461354
3993466356
647824102
3384030150
748237250
3122150090
4235792358
1241404106
2967594278
1074236718
3834916408
1395715880
622038186
1819189512
2623736708
1139315866
2967121628
2116260708
674930356
1862615456
4253911228
1444747318
3982804462
776884032
2792481784
692113986
727092332
2820716310
595603814
3765738060
4024768212
857188328
2551432058
1165388914
83089046
52769708
4196580986
3865413354
300670916
764915246
2037415770
3658121596
2727781312
4163400400
1194233778
738985454
3936971294
870411040
2245499990
147233912
733195558
3962328862
2689446548
897353082
3657899792
878666572
1841702002
2979131118
2816702938
1950021272
4144824184
540977998
585605634
2535171854
3260098276
2843473948
1338068576
2940463148
2926136426
1595759326
4009214390
3613982798
4068186146
3804638452
2691772818
1923823024
2239774524
3281631320
1624837152
3809859310
1393997114
3700380716
1806437088
2696580076
2973195466
1999215756
653307518
777172752
1054975282
8450750
3882587724
3937308504
713591086
3386975698
1607732306
2930926486
1610097590
3278281494
2286006750
1559409788
2694249930
1109806978
420063730
398239038
554004056
3579131602
2807510110
478914104
4169942200
2620529664
3935503100
918925034
1566143478
3388628222
493024750
147495828
56289914
872714526
3373942418
25014280
3719282748
1159466364
577840928
2687997526
2286977264
982512448
1705529566
1771158912
162714684
3461170930
341035548
2086493062
1217415858
2448834966
1884022124
76981392
606844370
1986153874
398856712
14895088
3454798662
1769168650
171897382
229128336
1034522438
3081104440
2221402872
2806674944
1414667890
1419324126
2845657932
823017466
805836388
3371955624
2619438108
835261106
3296904362
3119962852
2075595486
326516952
1333898180
1143807420
1842737734
353137688
3418809540
38873530
3175212938
549770244
2738633914
1550726072
1295909098
1134014362
2834210514
2273427642
3975761376
385799566
3174581244
1678607392
2999520252
4257020418
2575464720
800511090
4050144294
245298828
1347864912
1387346060
1199003380
4079741234
264620588
419171520
574943688
2065835270
1740686390
1442234786
1523618142
1108678706
236290008
2081664986
2899606588
1133781434
2629882890
93885464
3249738110
2046749458
3053314442
1655259850
2533352544
272239176
845494434
2957671274
2275855522
1375511898
1057151494
1075951306
1677210164
4208792980
1468111222
3244102862
731607246
2785179558
1234056724
948149728
3993293842
3520240864
971225580
2164833430
3914775822
2162375472
3284264662
1590115390
2508676384
79895942
2987594122
1596607146
2248651768
3702075136
3317169802
3627288314
609702552
3699841544
2970474674
697457468
2551269120
999126532
1411948306
1171977310
193039228
4238212578
3666698334
3505071040
2243542956
1116170806
1071104322
1806670048
2548141554
4266744420
537377486
3864751166
3526339046
2806405786
3295066780
3206031112
2619194728
227184454
1921574734
1361082742
2247783618
3603879866
466725210
2035956794
3421481572
3298806922
2365390314
3172500866
2424297818
1532729476
1669773152
3028468072
1257092226
22343948
2829294278
3331551580
2645286662
1841603844
2727173174
3555168912
2400886
1196181176
2411326354
2879208174
1111265124
402563984
3959135870
1515273620
1888096282
2704211294
1029734102
3407415622
556233832
1532848532
4078249222
3023982882
1668856438
2378260200
4029727742
457622290
1784607914
1090523172
1403836138
3981639038
256341232
1647171588
2895747096
2352387122
1858695510
4141845434
4167071218
1936773746
2942101490
1004446216
3297983390
2344043548
2840157968
155527928
100394346
267886208
3362214806
1823179652
3353163664
4213433380
1641870036
4011690148
1461974712
4251514758
1873668598
2653131274
2752557778
3956556024
3060681890
1468771514
3162463932
4103133084
1642983258
2972728850
1854822386
147959380
1993985264
2970036664
717920032
2474704154
654900654
2851460220
2818491806
3396153380
445005578
2655377336
1705220270
956749188
2233143742
297633002
3658617648
1073065828
847634984
149332532
3229673232
3372391090
3230617380
1261942584
1422922728
2479272404
1604795834
1961956948
3358921534
3143705558
4289037866
59806256
3488871996
3685318460
3619182314
4008383590
3032659150
1346909646
1802595298
2923240618
3810031690
613006796
282510568
228795982
1408612224
1760135744
1580999542
234853972
3089732158
2403334492
2619960802
2674317028
1643826962
2759107986
2987135388
3750831898
3234502624
3042943400
843143878
4288992890
3639294104
3183085388
2980172998
2224461636
306302466
844877800
3553603934
2875205426
156591922
1495326016
1224713738
3154786776
3603584632
2853617874
1133682486
4147357988
769878236
1172177364
1294142048
4225504446
3779664458
2576582888
3290576762
3270505746
980510532
3702693804
2302985574
15888464
4179313174
2751501694
21446914
3923410234
460607858
1203147378
4080523132
809102998
823699364
3382948872
2772122352
3442779026
2595277612
1454331848
3174728512
2770117644
3094117116
985442122
591450650
2682020938
4134363052
1947651748
347391472
3113246684
4231865678
2698857920
1784729160
2469989928
4162366734
574910560
313444462
3262314322
3583087240
1297210132
328093232
1136344402
630143720
2890014322
135124614
1779108550
2614980414
1119895260
736632114
4060468590
3955801944
3597360690
1460295174
638722514
2118084832
2194865486
3551085410
1731173068
2977747504
3343232896
1645908630
2117640384
3162318786
2269705696
1909791046
1949974270
2965165932
973843196
3533287680
1341684738
4286179094
4104929386
1934280020
2699342010
700195088
366931164
3478658788
4060423784
3232121412
1730383784
3615679494
4253875894
2947366378
1156446120
3814804930
155625754
963708668
1200204492
2596286294
3834734286
3963814064
334466966
3654267966
4200633962
4243270654
1397001788
1906768934
147803432
1388915772
573459044
3338085282
1084071694
2211314962
64160514
1636917656
3334814180
1229813954
3095543064
107523404
4087810982
3881887692
3105433030
1717355594
2665021766
2809910368
1671859036
3701460820
1272489796
4175085048
2120630982
3238829182
2903559120
1449287762
2530283074
1757244428
3373442476
185944416
2691453774
2447839392
844017042
2748413062
2909178144
2410383982
3463345542
1837256040
3464000430
3088458300
1940443608
3115499414
2426181830
3960301838
3009812536
2680146954
393693394
3110440914
755397998
3590358270
2431880666
2847422274
422133554
1571612782
944754550
1445117978
227023536
4115721592
1983554686
1498932592
2847799726
131675268
93365910
3576888694
445754792
2199076940
2657304532
988815810
3325834114
247457982
3432080310
1935242818
3167412214
964835740
3582782530
1146163230
630092092
2428262510
1061180806
1579212276
3277747894
4293701030
3179526664
357358348
1693776160
3838567356
3941882618
2230745482
2820877540
3400866184
1174676708
3285076138
1273805148
3824164242
1628140226
3721422484
3713153364
4260637400
2057723106
430244596
3920627150
3076049188
4126720828
1650119690
906048812
1182323428
3625106768
274556332
2148869222
1719291652
565035902
1963849864
1619499978
2711512908
1302279706
3380543828
4194938042
3392377668
3203608190
2154539852
3646038840
262847270
3879975872
2886327906
1106067614
167335222
3791553214
2806973068
1474232182
1851053666
72714820
59842794
593519482
1505498414
150931984
1730836302
3132567500
3686265048
3666485278
927130118
1482458516
1602539078
3251221668
3753038968
1524536590
2162961536
458923044
607359154
1705680238
2662527192
1337472572
1376555220
3042622404
1625715408
12162138
3602997506
3975622140
626621962
657937336
1248833146
4250363062
1145307312
583443284
3158290458
1785412656
910709162
2265016276
390966906
3269793398
1683079142
852921554
2261779148
3217223710
2675509612
94708528
1294324342
4142351298
507777848
3882865032
3088391202
786883550
2610781948
1346707020
37281174
308219818
2171685092
640739908
3985973704
4244073850
2072977684
3016485648
2735026214
2373906692
2516570370
2026340406
2688629460
1119179398
3877973790
2766044952
1053186282
422476926
1726838434
2933082662
2963466024
198530838
3322920222
746056632
905258662
13336866
1953156276
1223173500
2905239386
1020201290
1209733528
3511117278
3937605060
365914670
2026720610
21094696
2888078072
4110713834
2410520334
522523786
820630884
1526444700
371338346
43941282
1663432908
517852422
3668212070
3577763544
668983770
963678478
3099963038
1451368880
511394138
3602959036
2882185614
3549299828
1322671252
2450423458
3860762648
4163960912
85252246
1424304770
3102301170
466911914
2473986266
2560310242
746978542
4217036532
4196296160
3095277760
1436505122
40609126
434034476
2988119514
3451838230
3488623532
3616327842
3208195934
1547024056
3596763274
1731157476
3345136994
1300136116
402516280
4255236520
2855580562
4047815534
564678094
3446526292
3669220890
1101755504
124349678
2161308180
1724997592
3577297124
1602258450
2655159110
3188010348
3122881400
2361101132
3997947304
879990446
1637774278
2410365978
1890917766
3531267872
2230105240
1603757710
565453922
662217932
1195845722
3897494764
3522367464
1370599936
2139675756
1494896854
2291843792
4283364808
3739170700
4105787762
462502290
2501004384
1755709130
387924706
122648708
242210964
2348869926
507850110
2202129160
1964653888
2156525424
2480723778
3817239396
3508879262
3966009354
2784580140
3495859494
4034985360
1710748152
1383569088
3715666100
1312950320
2367883808
1812899436
1018597140
2124652678
2330995606
3929469720
2613505236
2122272856
2266593044
3508968092
4055435088
1366735868
125762434
455163496
2597150016
310657332
2693470142
3357783018
4268249848
3286428758
2893043526
2610366256
1652308912
3984880848
3802727614
306741408
1826874884
1483941602
661510652
3075248134
1448169778
2443126686
3578051002
1576572570
2858311364
1164328400
424093396
3251111592
3177721252
2470515418
343494886
852094748
1068083574
1117223800
1454678922
382631660
2506706644
1930439424
2011613020
2723509982
3057591772
1611934624
996904790
2864811186
2610600066
4036999046
3155782238
1793824526
1435067512
2741021852
197001086
3841109584
3231572148
1946439778
1562285046
642452020
351269102
1112829688
1883278076
1545368220
2569615538
1004547624
1997226518
2320768502
3092397372
1471824758
2136649614
3298611290
2593181914
2031974508
43531758
3980412730
2569650164
1103116144
2445621856
617832776
3951715246
2718149614
3005927702
1955149730
2306837546
4257992240
3059788802
1943799380
2856463754
3065099674
3212159158
3648911312
1193218528
2023326178
3389635186
3566793796
3559349630
1069561912
2713166440
2992625994
3379765334
1716266778
1300741614
431404462
1140229830
3470749478
2813441544
1737956192
1347409566
4087423524
1985896248
3289510284
2126480650
1502735052
3373423220
1455448106
6801954
2087273562
1050727722
4048595484
1261074634
195291628
205190480
2483989722
465080940
1833066618
1564805958
3219648590
3572189132
1040626728
2912554666
3977803692
1657673288
1547872362
4079805376
1803767572
2485475722
348436780
1425574234
2769330358
4172161376
3324996244
3517345246
2580721734
2017860764
907218260
704242326
1415734920
834002306
9772208
2991640110
2450746058
2877348972
181672040
1142672280
1930463338
83144534
1460489122
692211104
1350499610
181014072
96309160
779221268
3887423684
2378854180
333318132
3849550408
2528124842
1012445510
728086648
149411316
3448580892
1065689732
813050380
976417274
3573651180
922035764
2315747946
580588054
845525690
3120333062
1806715688
3650386924
2938761150
4148477704
4127241568
510548788
1971478486
1380585196
3725047318
1765429868
4272681512
2753176818
2281104350
2448920496
1340512144
3584164720
144526746
2139657656
1992068372
429845538
1897367770
1253281364
3858243352
1935369522
756044446
3893919302
3681095262
2433320274
731182392
3715174600
1620728072
549525796
4151954694
2481874030
3982728804
4191825992
3619714384
4237872466
3131918140
4026898722
98309488
4208766544
1931577524
4137781368
391396686
622870214
4121399376
2441576326
2018026016
547849524
2755859684
1949489674
3676988156
3206663888
2473886396
2234700126
2088057082
1420085232
2664104850
2256331034
3911938384
661720378
1645137408
2424209572
1185843608
1912768316
206875100
3982845640
298683220
876240570
1152481820
1225716462
1009743742
2436141184
1052755566
1545950870
243630012
1267192368
2763246970
2454852538
889858598
824124832
4207140918
1830993124
1197312632
485018546
1928810992
3321779754
1789042768
4289672184
195097146
2007190630
1797738426
1211877938
2673818742
3074437150
31534180
2341919528
1103536946
910036950
2637660110
3143920952
3654535936
884281508
1564266152
2452278136
799301034
1143932156
458396574
1505941260
2446451454
4169785758
3205101706
3759540218
3369127122
3231175050
3830702552
2801553320
3465507112
3316639398
2349655066
759651264
553818622
3529895566
2309825444
3862394292
2672104672
3065458058
3089406684
3847487496
1954770152
48914760
1273842272
694154034
3489098850
2633008280
578160460
2418823722
708995628
202040052
2403898254
1171087094
673392334
4115915676
2373295454
3109626082
966148022
4068531122
2333426812
3521309504
2358884000
1195805370
791724878
1700461148
3156942448
3176026930
1325141588
276391094
3095233508
4281140922
3386633534
2366481500
1269599576
1369830038
3361326920
2143254482
348621002
2850554240
3477943326
2939783886
1438115976
1376837850
3927036600
1172169972
1523120936
3058217650
297151608
2796005422
1738408326
3752754432
3770418648
4150284978
1793191496
1785830378
1533695474
4193729234
57056700
3333721348
1415212384
1691730616
4149449666
3585068480
2365068558
1759049474
3136841270
1269836274
2596256264
3169754948
1545919268
1202692554
784891394
1730631766
1121784224
2885385368
3898637876
1389695388
2711742848
3866964572
3356398682
2918453508
2010916186
109238066
1363704130
3272538578
3326604492
3059597346
2370279078
1315706388
3229600624
937239580
425321166
1548327754
3596360528
344553456
2141890604
3535278652
1499586576
2926037940
2394453100
1450751322
1297625164
2719966016
3153438352
3719826392
3009548212
626274392
2254667616
2016536142
3778844540
2308056902
522626736
433470230
2149825450
2740429232
1182852856
803700818
367603168
2244838986
3456147362
2936161628
1622121364
4234315030
3731135788
3708944170
217326334
3988107478
1376697070
2472616278
1611968454
1189206694
2655082324
3012253212
685718076
3123882568
1161671190
2103599452
2280974450
3948463804
532669060
107402058
685752400
2790346826
2559688270
2143602184
4282517798
1569353378
3397744334
1545359246
2552004392
1283892546
677185336
2354004126
1958729354
3222496810
1264316070
596480764
912131076
3587964076
2506661448
3575158946
3687695966
1204387538
3432454170
2467679346
1433945636
1492924230
453247282
595889244
1574346624
3921288482
3449149582
843682324
3190200832
163491486
2497091066
1588615478
3302385400
2446210572
565450240
212108800
2670078796
26610974
3225644052
1341005500
1890159420
1842454590
1794371772
2658042044
3726462186
3211326350
392826188
3253624962
113208320
2993965024
1478672536
1296243786
3939603004
1272062882
2479447256
546168156
3688481362
2470634568
2031277398
1265643384
337224016
1743110360
2776950596
2446162832
3196957636
1299817956
1261819888
1458074930
1915194056
1563854026
1745060336
54005114
2628110246
2671812910
2843155150
2573631858
779602088
2148859326
1345093940
2776481546
847052580
1330446870
1227940910
184170406
3766165538
1568471674
2727191562
2340871972
2880147472
2081328166
1210057438
603559306
2004944128
3896195206
133540780
2503873078
3717075468
740000538
3620657814
1389339462
4199834100
912300180
170677406
308108728
3996407058
1193825658
3063930980
1796390518
3835030898
1935011464
3167781062
4085424976
1723422778
1604682678
3913375078
3825730928
2910221898
3894039554
528121272
4282549120
58782080
1951779480
1975166032
2133885864
2029166888
1794549884
3933907928
3574381900
1455972336
1199337050
4193815506
1754339916
3383145052
660973728
2485869266
4264304130
2895136686
1442297914
1702178330
3214841540
3620331710
1791462608
1813659210
1115376998
1301298652
1989831954
2711740536
2082279002
3995486904
389550924
4136954774
2411578650
1460169324
3257892832
1348700444
2056726346
2881553126
3462121416
3077845822
3184698680
687049742
4073681814
2214032924
2786215422
2156235738
2809963142
421767170
2181751806
942280372
2700498494
2081313122
2705055966
2068222336
1984471442
3569180286
3828680222
457835910
463355182
1632549746
3665939210
2658107200
2746008492
2046254440
2019014368
1627213814
2219553222
1557791640
2523482194
4283779008
1326593310
1131591076
90854756
2278066162
1317323628
4289809872
466858744
1248367980
2761137454
2891951674
2583091012
240086670
2239219064
2695609568
3677480520
2874336066
3855356492
1859287428
1638932080
3657645632
958043236
1501031402
3649750030
1560273024
1573822116
1414444382
2709353636
3383135804
698615230
1474241406
1403858746
1814060560
3836437928
3266878306
2383447860
2503470214
3621787948
1910292508
2912319172
799070802
2757466368
2780662290
1108745240
4275901578
2092838982
2532005272
4172769218
2280552722
3009610506
3703907358
3726121614
4034296508
1834496150
776470568
2420492786
4045417628
2770722178
1305760074
3033667120
63123958
2458306582
3033139150
3601682220
3705406424
2316222776
1817579132
417978414
1739208570
3396594810
4007489010
75994678
2949512774
2523803698
4202579990
3671808636
3024328616
497177910
263125736
307757520
3640683770
1080909954
649524986
2085858076
2929438078
3956735562
3293276018
689509778
3211126316
3573951114
516683998
2692383516
3969421660
3085970284
3643711608
758117464
1040377926
2013104830
4094276592
433167188
3016306020
2966280214
359084446
2439198786
3140492344
2370577812
3801263826
1866944414
1359764780
2542850662
1428992284
1658873418
18436722
1452174478
3750977466
1254349174
2213992458
1333248748
3596595118
3625223294
698117092
3921895106
3104038960
2213970318
42692164
233916110
3545759618
2428666024
3190707454
1336225910
1593355876
2683436074
3277779426
3735470374
2200740412
1814081884
651105304
2513074500
676999294
797611762
1122795270
3081542102
4037758384
4009880836
155116642
519410564
2062144482
2702343558
3773256542
281543958
147396400
4068930958
3083140850
294065040
2210641138
285626720
3342872488
2043236170
3110351086
1144990102
1778346422
2308808626
1124845496
1504236454
2887484582
3180362996
4196953580
2293394342
4277727078
2237016490
1263841636
2480997786
380092452
3293851312
2347253314
1990382398
2742649128
2371230692
3578470646
1547690944
855402838
1649002728
3702454278
1508963746
3952530764
358894584
3898583812
734601756
1500119174
715552564
3820859324
4004451282
3575137066
3657762172
1461595758
4169089706
2075705122
3673362884
2665522742
3329911778
3608579184
470399302
691337214
356518078
2759793206
1658481318
3337932112
1950860124
4163463342
669310526
1606027210
3534048936
3807411140
1833600802
3416548966
3918851804
3699403902
2361821776
640707182
36179296
1263790680
3849433366
3207624040
2913499772
2329855434
2918286788
257948948
719514330
3681378522
3219129678
2662679572
1325640096
3973377844
2707295442
2178878264
852952220
387998630
4121949604
1120763382
4137837898
957581790
1775956860
1537077454
4048354710
2553454838
468926806
1713622418
1397010986
1880914284
3806039498
2913598628
467382352
316824040
1374580434
2259184010
1005522910
531883920
1096215988
3418033446
2588780224
1827586000
3797130348
1233118770
2403896408
1426824112
480780150
418716740
1628632512
3937509778
4171144622
2172407648
3193847942
421487776
3982339192
744887720
1852522788
3479203908
3043586202
1942680658
2057401560
2898821112
3085570644
3085032510
3214030750
552178502
1653627072
3228932076
1515010138
1903044540
3516101436
353026458
2831340200
1863271120
2976905284
4281171806
2907927502
3632919818
2579898198
1377495156
3963220468
1623316868
825159302
467628416
972211986
2026281910
79758610
1280132170
516671908
832964026
4171689184
4000314348
3217660634
614331386
3570326414
2414774576
1994821674
3964094778
2961591374
502321600
2784297292
438718002
2408544778
2935183228
3881904474
3930646504
3067613830
4200733952
2372992100
164286472
3247079520
2699689824
145434254
704439406
549366404
652427234
3039903806
3496587434
3302610290
2974644280
3345653434
4292359640
1225142652
1656630404
1906186984
1249171510
2100358562
2159602514
1096030852
1871234946
692569104
344330616
1265237484
1568867192
4190402968
126847400
1898781582
3983884756
1992956280
2593955552
1656201748
2426774392
3310396010
157533560
2262561044
1584910272
3071975776
1173726770
3681717988
1013657828
439157870
1008904252
2720289318
2503488426
2015131978
3161406958
2896517584
3320822414
2298956670
926951204
1076040960
3438795046
4064576778
4218623644
1174835540
3418582732
2486778026
278203006
776742428
1680385276
1288119806
1256147766
4011243550
4273868576
2201556402
56868076
3719681162
3377069552
202760014
2173437832
1712826246
3555050420
119080016
2715138944
961813744
1169203690
2203748442
2666998292
1584808356
1256135306
2607930346
2421267140
4134940736
3223593320
3905848538
3061574632
4109354338
946031086
2439742478
777296346
