1920047362
195516966
2602192592
764344632
3027220822
2111692876
1970950970
893876364
1318109846
1971114700
4272872664
3128902610
204946702
2677385076
976725012
1024156870
3084703576
3650076380
3138241860
1555500934
283859050
4046895408
3876773206
1760256600
3324359388
2825516868
456547056
2068092472
1501132946
2118751754
1822021870
2530990658
146207788
1564833148
3256244074
3952694096
1470908792
2076806430
2369296078
3666487582
3644528348
2281323744
2705776380
827865662
3619943964
3468801704
1398595756
494029696
110212606
3385386350
3285117270
93264414
2151690486
452266806
1050217270
2974933968
461999180
2557894554
2740777972
2511782378
3989659530
406496702
2883219148
2976100060
2249972590
3961080810
3472184224
2254191626
2383909446
1935666464
280982968
1064387306
2272235930
2315337922
2021558946
715875670
1867089798
2578829794
3345125350
4276189076
167472730
2894028174
3959185230
1219667090
3717675150
3913492092
487084586
2490386406
3891357514
3135808588
2735522006
2385190002
2491309280
1642131690
2813757294
3961191386
455580184
64075208
745900792
589999082
1532036546
3852996148
27330606
917210442
248038984
41375178
1013094696
735320040
1786881004
3217935644
714738442
3034696724
186936776
425611126
675419566
359069952
3390054376
1665522832
1970829022
3902363164
2005999258
3312226604
1616300614
3704497864
2629015452
1203610672
3389474910
1052253758
2845957016
926550886
179001746
2135346142
2058645632
4271198116
1100279448
1383863200
868357258
566856318
1214680422
303743276
1051980528
4174130618
4114955680
1061392490
4028986768
808256192
348205304
1743921184
2365959370
4185148884
2513918296
3653234164
2325388496
146681910
821612266
2684227724
2643171656
4087918976
3775756142
257672878
3050154662
3742268650
174393686
2995109998
3590713812
3061484576
2791285494
3648473822
1904938584
3070327498
3153416544
3206186252
3107799944
2678246002
2978916918
3743832164
1486280638
849434940
3577216252
3445649356
344915840
1083901294
725905294
1596316334
3841816324
3989050238
427278500
94640066
2784086616
3681439698
3044372194
3923038766
1469773472
153937296
2970640234
625694210
475551100
1016529098
1602134734
4137306588
3102437570
1650944222
2989012798
1634508650
265677780
1861437106
1575684200
894699704
667918554
177589710
2869362528
498218256
2737992782
1724656806
3349493958
2864385974
4258383088
3663796508
1175266300
3871846376
2550074548
254323008
907630526
1684803278
2739778560
2748229310
2335849740
1978190948
2691782034
1783790436
3391522742
2027481932
3637579524
2620893722
611933176
2171342964
570625600
1680432578
2100496310
2498735348
3052739404
2336903710
849446526
1328360630
1203335536
3823865200
3464401004
88358744
1654502222
748163148
1241187898
1388683726
1444973640
2317688168
1396663290
1421677570
845993022
2005459386
2583300314
976330544
3263307808
4245820258
1656382528
3427541442
3590256126
2756459760
3097495308
889021074
2106436934
260304604
2144326728
2221308120
2828152490
519339068
918195782
933090870
92922236
1862090888
2033988270
2263116608
3297639046
2083776190
10211766
2816886712
4231554602
1355911432
4201569364
729619536
1535455924
612444252
3231882360
4067143468
3069080534
1894076090
3969671578
1221234
1335119414
2478926834
26697274
379834962
3798644502
3837518034
2717763676
3267533920
1711200538
3261926610
262868414
1396882776
4231093292
2209553638
1890347718
2276147286
1155761234
2834368626
1538921582
1500974704
4076439424
581983218
337160216
582459046
1930323958
3317670018
221706102
6480040
271100630
690272150
1265215838
3331051108
776770204
2219004990
3742623132
556334544
792624552
2874289540
1478928832
2612710266
947625860
1041511324
4291249436
2043031598
801378744
2456638596
695023844
967263022
1812757456
475461436
2751316958
4126828858
889013056
1964964362
3642174526
3556000210
729144136
3973246998
409886948
3195066506
134155934
1082305664
780632210
5905780
977131360
3141964790
2761773318
629181494
3913446158
1208594252
3717270636
3797166578
2489793406
4086400552
2040085026
1447192866
469395372
4096683688
411418944
4111260488
2786767868
3484225336
1740527162
2739653694
4151602002
1028612016
1221651246
1164896528
536627568
4041698608
1990274268
3106445074
4177549396
1689252148
4237393702
4209170828
451581018
21364890
3547703936
2059142426
1059241910
4265273024
2589500456
2816684912
443292350
1804375092
4052158710
3361071280
3827796490
1568785990
695300266
3994107190
2064530208
942063778
3366361598
604123778
2273896930
1007397708
2264489934
2286833884
821160866
4152712448
2503031814
49668362
2776841536
2037043154
2039444040
3235625216
1351984276
4231192450
1047490278
1450054262
1114222836
2629496456
222625442
2926836736
3956570840
3069019166
3625252998
863134234
646416160
3670399044
1044288186
3422548386
3157308834
3614931124
1104571742
2195094914
3598931052
3285602796
3541944028
894148320
3789895416
1847315242
3706010752
3552888890
3424992812
1066799262
4008900754
718379674
4016363064
2065439316
610629988
766157918
866552264
1134438472
201685982
2024865634
1083062004
1001528088
2643398124
2360120976
3822095688
3778643150
1357344454
4010475728
2468066210
2129654938
895369534
2364141048
1231637684
1039803472
2682786732
1360548286
3215370672
3363330052
1062348020
4032384686
455337422
2930041578
3584942232
2141435156
664959666
4061113048
211151330
2866528666
276781640
1233530830
3466674572
3764307574
3127957928
4201023756
753691444
903023976
4132697210
3210121004
2145771090
3407713674
535669106
3014941512
324770050
2286726998
1350681236
199419498
193490070
253296326
3742168322
3132519486
2456734504
2170150800
907842654
2254752300
4057347598
2685620922
2200685316
2813692114
3096202682
3324998664
438643594
2198779338
3779778880
4014632852
2809397714
917764910
3537725712
1917075444
3560902406
2025043096
717211190
173075792
3407578418
2155554522
2998698402
2992723996
2337050804
1225168896
4205341894
2134836236
2441138702
3286016502
2544653140
1124891270
1281483192
2776809208
4001522946
2861342426
2169959762
728610342
1862292828
1714683522
2484561758
3656739124
655913876
586451028
71148190
2647731078
1643340544
618878996
1599389528
1007116038
3310101612
3325990076
3210335956
1666870354
1688317270
1316760208
1777368068
2980515446
2766071282
3575174280
103906350
3486855222
1964010278
1111822008
3707099620
866464174
4041192686
2516343034
1315492856
2300934978
2892385630
1279439272
1118835028
3066486778
3413878250
2232157638
2169056020
572946646
2357675806
532698438
400097876
975008436
1288452898
255799924
3838887164
841130000
1169223234
2305567636
2935711356
1530758384
1665882998
3444991548
1765004666
2884899926
3621532042
3387033336
3047867986
2350261380
3810556554
154311772
2272396604
172294794
3723380206
1159585978
4137333484
3185599084
536540418
2654180802
1521532292
3791237990
1406061740
3356036010
2026234646
3000077842
2238398228
3580082966
3571294764
3381256856
1020569580
3719911590
125139382
492070546
3970729334
3736185824
2673339940
108756428
3724435924
3683344522
2335743606
3492189726
3012027362
3167653116
4131361784
1036598980
3632885274
3172652264
2841499034
3175966000
2535266670
2440933336
2389236694
3786238484
1398040122
1545843554
2934759326
3508218370
2551336358
3635408052
1551755720
1615916234
3252833892
2292680776
3522494732
2323070500
2430593904
2223437590
1810357986
620823720
2338179316
708233786
3518144154
895035894
301529418
1574019214
1454136966
3574767948
2518629836
1127221660
2576509424
811825202
2569069630
1647544810
1833489226
229975706
2677815098
3521832140
1975277906
589488754
2999872738
2168250984
4005507024
3174540158
1968031162
3908474770
2729006890
860221424
525555966
3535368502
1920548162
2314241556
1129715174
1885113172
1180504148
3612384814
2164839792
2586973346
4158586128
808373382
2253491362
2480514898
2301269194
4284823880
1488789178
41621608
173296876
266662788
3843551482
4289306274
2193415918
555753154
1544568966
575435784
822893766
4254974078
1895249600
767694518
1732530260
1020345494
2166508724
2796600816
929896030
1991076836
3570289114
2553069712
2551803448
1436362816
1793721164
3487497324
3031097386
2678012708
613790896
3434668436
2540567324
3715244034
2705352876
3979158024
3508354970
841527900
267983088
3981136452
3946806558
1709562368
2139806966
1765466820
546548712
378302244
2028421934
2934470746
4116794174
3446933646
3721489978
1575391904
3294683558
3859719460
1528602028
3148102006
1564647618
2866927324
1952503856
1852474602
949884974
4153493164
2013065722
1364137266
1626984538
1211993114
4098321022
909421340
1076756564
573342482
3380315550
559580438
2410634104
2483348926
2543191720
3136711202
347242320
498174306
2229010608
1066610812
457908564
4124393844
756556666
2239015184
3841554262
2797808636
2255880308
3780416900
1648411140
2107334184
2714693338
125406282
2787933474
4125406048
1206993972
4249616376
1580364490
1592526628
900556838
581211684
1207833646
1865770982
3114604130
3069999896
4215307210
503783198
3662073656
1152519016
2063228178
33277158
424244066
3694037464
1082149312
1935070866
4196850014
3119106430
1499648746
1594357274
2888681618
2736065620
3243843468
2831741204
1625165110
2412048662
727863314
2074570334
2111851510
2420071328
296789124
937529032
628535440
577641996
2650619680
1372138034
4107164248
2186103644
407706718
2434047126
827709290
1946888688
1529895182
972838
1054159122
1476636048
3203474482
1841589850
510088578
708619416
4031539638
482628974
1387887638
1401224504
3354380780
282586984
3187826370
4208027660
1122793894
338943876
4276548936
347496310
2374216922
2395311618
988422394
804168934
3214689268
3737213056
262876644
1789321344
2160659690
2204600972
3868033882
90919008
3759131078
3041927326
3710911096
379622278
3479585316
635986900
1147381040
455372780
3337558394
2591890928
3914562180
2070018342
1635813694
1504807312
1590059558
3014364330
1821698204
2288610120
467629090
3027939332
3774917874
3696987110
3598315974
2398626440
3835131562
3875740688
14807868
3002927384
2159798318
1353454556
674815102
3883011038
1135067798
436863778
2168021254
1218190952
2518327068
2920843348
2881112572
1441725840
1194574078
1759252172
910811168
285064764
1386820268
1511169946
3672478128
1102508424
384838254
1987096704
347288518
3535298866
2363212972
429346808
132326818
1012317264
2650091542
765490224
2656407990
1892708568
4122813808
1431604222
1997058144
2659276076
3855121798
3457649268
2685049436
4055649372
1900357832
3395254688
1392131184
1380528698
824732102
635552568
1098054860
3599059244
1059801078
1447725786
1570374494
1812585460
4161455386
374338200
2576467360
246153952
2402679376
588435858
110707960
3619587222
3290629280
1780242124
981134322
721152386
2431900538
3815469626
3236168432
254151456
2622035266
139967406
1158564548
3283217226
1319245536
953747962
3567253198
1394558758
3661151802
2875152598
2635620392
4002356260
4128118696
288314896
2885464912
3196122244
1594625092
657440814
630723366
3917152124
2515228356
830627316
2482936228
2172849780
1680610100
1987351508
3814226392
1003200698
1664711352
444992190
1893161968
41321360
3619372362
900977638
3759289002
628650106
1052743504
8887800
3186609052
1362157174
1705652062
2557746810
3625830384
448086888
1902765810
2285397470
497136820
2427576244
144221968
2867731950
1630356428
3242291052
4239195842
2809039732
1124672502
866704252
4022486490
1521343720
2956411234
1402465790
1599466876
1145609164
82214016
2028653794
3590938840
4233390862
289692668
1402522358
3285800434
536201358
3105816896
4110364520
1812623744
4133392246
2930822322
107679784
2244329398
1247973392
3841155308
1578162520
1621694278
1307139714
3876789878
684938726
3130560582
3748393360
3405141310
1828323628
539284034
2494433764
506304016
469328960
3529117762
1177949846
4034413602
2804545980
1721737842
1075681860
2268900388
4292226568
3386894458
2658720958
1923103292
2992665204
1410864348
108523048
3488288382
909587864
2210329478
2641733940
3781963772
2957745954
1476220204
3214176396
266618668
59074896
2044971144
1039514132
3165994784
373762540
3747185760
907666572
914468526
3001742088
4052469812
3806098000
772205340
967496968
1172687448
3656677172
4121758112
1659857434
3224663392
2149344688
1426566524
2467193252
1084780624
767617020
2425290308
3973162670
3758000752
1266801028
3752276750
4100713530
1231320468
4000650826
3877844908
2907873856
2130251806
416006246
2433867010
3341085270
4045327598
1166095222
2000097528
2009869736
706542550
3157288608
1739670286
1921342326
3064014608
699510650
782655184
2243144306
2935355410
4285855020
171901798
268210958
1047432226
639888614
3018742796
3352060928
2906644042
1139801588
2152247100
2880333748
3029745064
2183358660
3249048392
4062098774
743548752
22232636
944268400
3260016346
3840604400
391162794
3511495856
1023244250
378663878
3317425030
3170935438
3003209710
3513758498
1190269690
2570854886
2000934908
3766364776
3744078992
2202288514
188425568
2637346066
3977858210
3267055634
3411582380
1256272740
3248341112
3678186652
1280587126
2533868490
2097144548
4032514070
493591220
92543226
3773638490
1911991468
2643173860
2063381164
3684109238
4233635034
4090622432
2277529166
1965290674
1862149370
1186896460
1129801630
4261719770
3993651196
4091960686
4005759934
1642370162
1485184234
1876580920
2499451134
2325883214
472492244
2490518262
3038367786
1499260176
3448749850
2830770710
1742467304
4216353700
2156086530
4244143612
1369261548
4033366400
1994730138
1611701226
2273421606
3918559014
2047801290
3233644898
851445920
1058321020
746199366
1044882586
1921123156
3073604976
4354142
1014097884
3450239070
208027340
1753978210
1997608222
3264800592
1733080266
4187932806
782824108
1606948940
1519122564
3350115688
252461024
737479572
2666290564
1693103022
3482145790
3476850678
3671947824
1384171160
3181909586
98820228
2772638972
1552108826
1583643006
3925562536
734132186
1644169138
4281829248
3130782904
2490351544
3374633054
643931910
3096210046
3895511080
744475942
1202872516
2708813776
860297936
735116398
3940218104
3404791026
2478950852
1415158606
950893862
3752447184
2922987000
1944659102
4294314168
758998138
1312816760
547745032
2857570476
2424997472
802134848
3867592906
2662032294
2214552496
4169322648
4218237408
1197112384
1891266420
1085397974
3718406256
1599420
2420423142
3129418772
3331458824
1440389782
2611476878
3284869212
3105817592
1184145750
4293771834
964952560
738516386
3071943200
2298285408
362202112
1558007484
2349732362
4050193510
2912168664
1793228298
3118369886
3394760980
2195027194
2181200820
1272867058
3639348558
613980840
1983810878
1050170504
3193424986
3542045988
2097632934
1280608964
4220392850
1363541532
2740379382
2372448686
3544618658
772772298
3830989950
4128141558
2629179684
72620714
3825375146
3300826500
3156144182
654368384
2440198762
3973894236
3872656174
3929712874
2968466926
88712014
1780442630
1634925002
925026186
3290094744
754176924
3891018194
865887174
3462143438
2336931090
3882850360
790575618
1575467012
3306098778
132915706
3018301074
2621971656
4011667044
2428442596
2000439872
1061871260
3980324768
1696273658
1805511726
3169215856
2146787140
1178424336
4238021684
2313333466
3629039856
2563673184
3500912764
3926233930
1179594388
480987622
825541078
2967431684
2207743040
3707329616
2338400262
437886066
1888637388
3186262552
1611261274
469732330
4189558722
2904139640
3530414032
1490114354
3506650496
2990527740
1003617346
1526244082
1959714314
4109539764
2555001700
3737854558
246588080
614191250
2859030236
2020210302
661404636
2283526000
2222873734
1659042226
1073019100
1290345434
983485616
2360182686
537831670
2149800124
3339006818
1699121848
416407764
1102125840
4226008408
1092712302
3196311754
1182318910
835815418
1368484478
1475886536
2161638938
657018468
3216706740
1065341628
1052892130
2622245508
1725022546
3270381792
1527418890
2811311436
3488496774
1547533604
3506262960
2433792474
3698108544
4294589308
911753090
204749870
2711411318
1991602968
1384331638
2588719176
1726206050
4193885398
1332863738
2825787968
3279035250
3874924494
1154303822
780625010
4229774592
778489622
3968690454
4132181940
2334305710
3922921190
2930339294
1081582570
1647032810
1859141610
234253110
260864084
3486508138
532546342
2422705762
4265160352
1764564828
127639576
3854101762
2770460818
3163287006
2121944672
2235152992
934150722
2412823258
3709067044
3353702752
330798340
2810245596
3356413752
2749927818
925595090
2956872488
4222515874
264772594
2007882954
489866256
2936029088
1838019428
3137837386
104689978
1562764908
3477958964
746845694
2491906032
2545911146
879054096
3550867006
2099054862
377719424
1157321514
3306180840
356307484
3132789030
3979841610
1015321186
2243262096
2427432502
1898630744
3467102418
1899326684
4240198656
2825378832
611739704
1821797142
2425356448
135333280
4031528486
4165069266
2373975050
1796083222
2536083760
1861774278
3251113740
3155980546
4068280726
4238958132
252099564
4248506624
1147364986
4211295966
1712719190
1252782792
3187794256
2060608024
1851065704
3574488482
884203864
502611648
33375280
2943597178
2542669436
3070790710
3058372534
3117154616
773966800
2749132832
588051400
2617218290
116800878
4050708806
3330123410
491128450
1690465502
1589313712
3343653630
2431831386
3092805116
1283707086
1253043920
4148180608
1295511226
2997689556
1917563800
1242928214
3034390822
553082736
1668459736
2969758388
664623048
3376363584
1163675290
864194898
1253745822
1095733302
3507311952
672513980
3930406812
984139960
3040866306
1627452136
794606258
3872452080
2762183464
3449233208
3227947726
1147013356
3933228778
1794497220
309493066
731260236
2913012042
3855292414
2260823614
47169440
2752225406
525480446
2509951890
1784164880
1317877806
1775713716
2239068898
3871618646
3242590560
1605730464
56771660
2103026100
4122040468
1454286988
3673840210
936664554
3460146748
3448958460
480584474
1612175552
1703030308
3981096470
1003452802
998295378
1465154122
2713522104
1179692262
4071643936
2359767652
2599854322
544106090
3239715660
2622228884
1201597656
761986852
2621274282
4260206362
3622884698
285960640
1786992042
1141774776
2702047800
4275869918
1395347004
4104700642
3192869150
3891484382
1070758492
2474617238
4288677798
3830148430
2802059442
890540006
3394010220
2720830872
336156084
3248475256
4047546058
2510045130
995740126
2104485366
2085419648
4178258632
2415296608
2293098532
278683958
3288294464
2697234528
2128388846
1867718058
3702214208
183717480
2604210268
2354660600
830415482
2136175556
874875380
937999338
3396305922
2134477776
1441192700
851631828
3167854604
690466442
1108444856
2847653426
1949280940
1661802656
1737797334
392342812
2916146512
2823759206
2200600546
929961868
1427139778
1690265516
1998023036
1343739510
2424649466
3074174452
865065232
3794503310
3456271578
2454580300
3144090080
2060249100
1339232920
1855916918
253333138
4222754798
3013757786
2362502098
3120619562
4160997490
1879135024
1678444320
2111611508
832950234
3799230448
4158314894
2302546384
1148071432
3518649244
3024945776
596922894
1956687674
204571040
1633563324
3292436744
3310873466
468080650
4219058116
1178439994
3392432454
430713906
4027309026
3357565024
4055682116
3682609926
2491681592
410684614
453376778
687292888
4233052506
2366751234
1262491394
2598717304
4192073180
2580541960
1563354090
1003857168
3204597582
723712170
1374817474
3887891974
269923972
1067535734
2190331004
976905810
719696898
434610438
589727080
1109137646
3171282128
1578658392
1056947638
1338491596
1485887996
1259851658
48025214
342090254
2552731392
2838358114
1886263306
3929499476
2744883266
3889873368
1373252494
3682061122
511939322
2016175776
608693064
3789056060
3691042346
1689469392
1672229176
3909245666
878120008
3359117794
3739210246
2738094262
790380282
2780762680
1228444514
3599675206
2883178556
135902204
991305042
2640307772
2047794754
3556758502
3214321970
3573216554
3176833072
3911434828
1116586706
1832139272
1358031300
1067515286
347685056
4005447228
1172075690
1046198100
3121903222
2500298810
870854258
4200766036
3514377924
3984777226
381147144
737665224
3497458430
860972452
4198904566
1854797394
1723293442
2392603968
3998631178
3237712818
2750156662
288790168
3705339134
3329223644
2733660250
800514732
1441221914
1477401210
2741191892
2295657962
1208314706
4121814478
2156702618
780022110
1037971058
1757485388
1143896616
68058998
2730738570
4056378666
3734789216
2147117362
31028332
883980552
1271979182
1098961492
2219724874
2062595478
3020177268
501166834
2038244288
1791631702
50119244
519046052
2232668470
3629679456
1215626446
726698648
3640297276
4107679630
129536374
1504116808
3763300818
473856432
1005740352
2101956342
1225022492
3813802718
1346421422
848584474
2081703244
190632356
1617456470
2098236620
2516953360
4145585872
3788128354
3664305680
1541746032
440626680
862114456
549486352
1294374072
3146896860
2331133472
1079752380
3022433038
784867304
3683688416
2474291764
1264356978
183420432
735598934
2389226006
1323190788
2838200926
446278170
3962379608
20438770
2851778970
420082794
3396988080
3383192590
1996152798
1334105320
3914003520
996531380
664784552
2288101420
3113260724
3580889140
258133832
2284415742
2364174352
3644306522
4160978432
698975162
575697050
281044104
3498704738
4113036124
3388395242
1508202524
3503024198
3172151680
1838775758
2341097358
830427354
1269145356
3677690134
2317906068
1904843246
1540522456
313168990
218935646
2591927748
2756214220
1708326446
113048974
258483228
962922636
1512289040
2164716276
909652786
111272926
3413883216
2093560200
1144246340
1141638684
2366781336
4023411740
1634631428
2883802940
689194206
2848796720
3944827572
1521095224
2213664328
2557994944
3823232428
1097132326
992567998
1119415398
3018196982
2707114442
405103426
2999058978
360293430
2787067822
1802496536
1960030098
4222591142
1512534118
289542598
1463269368
850020060
1863677890
2302835760
3311740014
1737062036
4240550462
1960715144
827154808
3723672392
2749527510
753516886
1680468090
2756509050
1900336800
1669946284
1593602632
2768438174
1892053610
83864340
362067346
1138809774
2819195050
4107314856
1068495326
784771582
763672862
2965229264
3022097340
2446811208
1528913464
1731673478
3905111310
1322970260
583053384
702133400
3417272346
84118794
1253322484
3457070928
1829101924
3413910280
375078290
